1 448
2 449
3 441
4 442
5 443
6 444
7 445
8 382
9 383
10 384
11 385
12 386
13 387
14 388
15 389
16 390
17 391
18 392
19 393
20 394
21 395
22 396
23 397
24 398
25 399
26 493
27 494
28 495
29 496
30 497
31 498
32 499
33 500
34 457
35 458
36 459
37 460
38 461
39 462
40 463
41 464
42 465
43 466
44 467
45 468
46 469
47 470
48 471
49 472
50 474
51 475
52 473
53 476
54 477
55 478
56 479
57 480
58 481
59 482
60 483
61 484
62 485
63 486
64 487
65 488
66 489
67 490
68 491
69 492
70 600
71 601
72 602
73 603
74 604
75 605
76 606
77 607
78 608
79 609
80 610
81 400
82 401
83 402
84 403
85 404
86 405
87 406
88 407
89 408
90 409
91 410
92 411
93 412
94 413
95 414
96 415
97 416
98 417
99 418
100 419
101 420
102 213
103 214
104 216
105 215
106 212
107 217
108 646
109 647
110 648
111 649
112 650
113 651
114 652
115 653
116 654
117 655
118 225
119 612
120 613
121 614
122 615
123 616
124 617
125 618
126 619
127 611
128 421
129 422
130 423
131 424
132 426
133 425
134 427
135 428
136 429
137 437
138 430
139 431
140 432
141 433
142 434
143 435
144 436
145 438
146 439
147 440
148 5
149 21
150 192
151 13
152 172
153 98
154 86
155 68
156 115
157 197
158 42
159 88
160 199
161 97
162 160
163 131
164 31
165 179
166 41
167 17
168 206
169 180
170 104
171 76
172 188
173 19
174 203
175 62
176 30
177 65
178 20
179 24
180 44
181 169
182 118
183 209
184 106
185 125
186 87
187 144
188 58
189 159
190 151
191 71
192 32
193 90
194 3
195 26
196 112
197 122
198 35
199 155
200 108
201 157
202 130
203 25
204 70
205 55
206 145
207 143
208 124
209 175
210 138
211 133
212 89
213 1
214 191
215 153
216 149
217 93
218 4
219 18
220 190
221 195
222 116
223 140
224 67
225 92
226 50
227 207
228 183
229 96
230 28
231 170
232 123
233 127
234 46
235 63
236 210
237 111
238 186
239 113
240 85
241 114
242 78
243 129
244 139
245 109
246 81
247 16
248 176
249 148
250 14
251 2
252 40
253 126
254 83
255 142
256 132
257 59
258 171
259 178
260 117
261 167
262 147
263 69
264 196
265 49
266 105
267 48
268 150
269 45
270 204
271 101
272 27
273 57
274 154
275 135
276 201
277 33
278 61
279 0
280 158
281 66
282 173
283 54
284 9
285 94
286 7
287 10
288 200
289 84
290 152
291 29
292 189
293 75
294 205
295 60
296 162
297 102
298 208
299 73
300 34
301 620
302 621
303 622
304 623
305 624
306 625
307 626
308 627
309 628
310 629
311 223
312 630
313 631
314 632
315 633
316 634
317 635
318 636
319 637
320 638
321 639
322 640
323 641
324 642
325 643
326 644
327 645
328 224
329 656
330 657
331 187
332 128
333 163
334 156
335 12
336 52
337 182
338 194
339 100
340 38
341 79
342 146
343 77
344 119
345 166
346 107
347 161
348 164
349 80
350 51
351 8
352 64
353 56
354 11
355 120
356 185
357 47
358 22
359 181
360 39
361 211
362 43
363 15
364 177
365 37
366 82
367 103
368 95
369 184
370 121
371 72
372 134
373 136
374 137
375 202
376 53
377 99
378 174
379 141
380 165
381 36
382 110
383 91
384 198
385 74
386 193
387 23
388 6
389 168
390 446
391 450
392 447
393 451
394 452
395 455
396 456
397 453
398 454
399 546
400 852
401 895
402 222
403 344
404 245
405 229
406 231
407 676
408 264
409 263
410 521
411 687
412 844
413 751
414 539
415 846
416 703
417 766
418 232
419 906
420 966
421 340
422 717
423 915
424 306
425 704
426 682
427 517
428 904
429 257
430 806
431 907
432 295
433 352
434 784
435 908
436 883
437 265
438 732
439 990
440 848
441 776
442 810
443 932
444 940
445 253
446 984
447 834
448 532
449 838
450 688
451 251
452 939
453 804
454 299
455 705
456 778
457 537
458 816
459 715
460 871
461 718
462 948
463 850
464 819
465 579
466 832
467 886
468 706
469 266
470 672
471 590
472 538
473 238
474 376
475 835
476 575
477 567
478 890
479 748
480 562
481 547
482 889
483 928
484 700
485 240
486 986
487 341
488 913
489 826
490 720
491 901
492 381
493 761
494 302
495 334
496 300
497 800
498 689
499 694
500 369
501 712
502 796
503 978
504 760
505 995
506 673
507 697
508 582
509 542
510 707
511 242
512 267
513 375
514 346
515 909
516 880
517 296
518 544
519 777
520 897
521 297
522 669
523 755
524 855
525 864
526 719
527 312
528 549
529 958
530 965
531 522
532 528
533 314
534 820
535 666
536 578
537 714
538 252
539 896
540 971
541 833
542 335
543 798
544 999
545 661
546 511
547 345
548 261
549 315
550 878
551 659
552 807
553 795
554 304
555 234
556 278
557 918
558 994
559 355
560 308
561 783
562 260
563 711
564 933
565 298
566 255
567 347
568 670
569 756
570 279
571 970
572 566
573 954
574 274
575 791
576 275
577 235
578 336
579 910
580 226
581 683
582 724
583 702
584 516
585 580
586 894
587 248
588 374
589 839
590 504
591 550
592 749
593 572
594 349
595 343
596 553
597 368
598 786
599 695
600 729
601 561
602 801
603 923
604 292
605 524
606 979
607 658
608 591
609 747
610 268
611 960
612 962
613 293
614 559
615 769
616 772
617 581
618 917
619 891
620 813
621 227
622 373
623 987
624 370
625 686
626 237
627 545
628 269
629 243
630 866
631 972
632 893
633 507
634 535
635 696
636 531
637 817
638 916
639 781
640 976
641 762
642 337
643 338
644 780
645 983
646 597
647 921
648 945
649 301
650 716
651 508
652 660
653 865
654 874
655 919
656 879
657 270
658 250
659 870
660 828
661 289
662 271
663 763
664 685
665 868
666 276
667 823
668 853
669 690
670 851
671 259
672 254
673 727
674 510
675 598
676 283
677 587
678 584
679 594
680 754
681 914
682 551
683 698
684 353
685 350
686 519
687 512
688 332
689 869
690 936
691 294
692 505
693 920
694 825
695 563
696 583
697 503
698 758
699 684
700 351
701 876
702 941
703 993
704 305
705 526
706 256
707 678
708 842
709 731
710 841
711 849
712 882
713 782
714 788
715 574
716 925
717 721
718 280
719 595
720 930
721 900
722 887
723 840
724 564
725 244
726 982
727 371
728 692
729 963
730 730
731 380
732 377
733 856
734 922
735 284
736 854
737 313
738 787
739 837
740 565
741 372
742 768
743 555
744 701
745 541
746 533
747 571
748 845
749 938
750 861
751 975
752 272
753 859
754 570
755 862
756 536
757 926
758 285
759 569
760 964
761 667
762 577
763 693
764 218
765 540
766 309
767 662
768 996
769 875
770 518
771 759
772 752
773 585
774 951
775 750
776 937
777 354
778 808
779 520
780 961
781 220
782 728
783 509
784 586
785 378
786 588
787 558
788 799
789 708
790 831
791 949
792 258
793 379
794 867
795 746
796 589
797 775
798 942
799 548
800 725
801 556
802 506
803 287
804 277
805 959
806 221
807 985
808 576
809 924
810 821
811 857
812 514
813 233
814 675
815 236
816 599
817 774
818 273
819 592
820 803
821 262
822 679
823 339
824 529
825 997
826 723
827 527
828 515
829 513
830 286
831 956
832 310
833 691
834 246
835 793
836 525
837 573
838 534
839 809
840 680
841 827
842 836
843 944
844 568
845 560
846 530
847 303
848 249
849 977
850 674
851 785
852 943
853 969
854 988
855 902
856 757
857 554
858 307
859 779
860 663
861 709
862 311
863 593
864 699
865 281
866 710
867 288
868 282
869 765
870 824
871 290
872 241
873 596
874 677
875 881
876 348
877 764
878 726
879 543
880 219
881 291
882 333
883 665
884 873
885 989
886 968
887 557
888 789
889 681
890 342
891 935
892 664
893 523
894 927
895 316
896 230
897 905
898 668
899 957
900 818
901 794
902 771
903 501
904 898
905 911
906 903
907 934
908 830
909 502
910 671
911 950
912 814
913 722
914 247
915 239
916 713
917 552
918 929
919 790
920 931
921 860
922 773
923 802
924 753
925 812
926 843
927 770
928 792
929 973
930 967
931 872
932 767
933 974
934 992
935 884
936 733
937 735
938 736
939 737
940 738
941 739
942 740
943 741
944 742
945 743
946 734
947 744
948 745
949 317
950 228
951 318
952 319
953 320
954 321
955 322
956 323
957 324
958 325
959 815
960 998
961 952
962 863
963 805
964 947
965 829
966 899
967 797
968 946
969 858
970 822
971 360
972 991
973 358
974 364
975 367
976 365
977 362
978 363
979 366
980 359
981 361
982 953
983 847
984 981
985 329
986 356
987 357
988 330
989 326
990 327
991 331
992 885
993 912
994 955
995 892
996 877
997 811
998 980
999 328
1000 888
